x y z strike dip rake
(km) (km) (km) (deg) (deg) (deg)
  -21.2373    4.1027  -12.0000   34.0  90.0   174.0
  -24.1282  -40.7049  -11.0000   34.2  36.6   -58.0
   -4.2252  -31.3654  -10.0000   53.1  47.1   -84.3
  -11.2302  -45.9306  -12.9000  212.0  36.0   -57.0
    7.6721  -29.2528  -12.0000    5.0  58.0  -160.0
  -47.9229   65.2546  -12.0000   65.0  39.0   -93.0
  -30.1325    4.1027  -18.5000  113.0  71.0    -3.0
  -45.6991   53.0243  -12.0000   99.0  49.0    40.0
  -43.4753   57.4717  -13.3000   85.0  47.0   -92.0
   -4.5588  -15.9106  -18.8000  130.0  55.0   -11.0
  -44.5872   55.2480  -12.0000   70.0  44.0   -95.0
  -37.9158  -27.0291  -16.9000   30.0  33.0  -100.0
   -6.7826  -64.8321  -12.0000   56.0  50.0   -87.0
  -70.1609  -93.7403  -18.6000  256.0  73.0   -18.0
  -53.4824   84.1561  -12.0000    4.0  81.0   168.0
  -60.5096  -85.0011   -9.0000   38.7  38.6  -102.3
  -59.0419  -84.8455  -12.0000   44.0  38.0   -98.0
  -69.0490  -77.0625  -17.1000   39.0  58.0   -76.0
  -72.3847  -85.9573  -12.0000   69.0  65.0   -24.0
  -83.5037  -87.0692  -40.5000   11.0  48.0   -66.0
  -64.6014  -78.1744  -22.6000  261.0  78.0    -2.0
  -50.1467  -75.9507  -22.4000  254.0  72.0   -25.0
  -63.4895  -88.1810  -18.5000   35.0  39.0   -68.0
  -64.6014  -80.3981  -13.6000   39.0  51.0   -71.0
  -21.2373    4.1027  -12.0000  124.0  84.0     0.0
  -24.1282  -40.7049  -11.0000  176.3  59.7  -111.5
   -4.2252  -31.3654  -10.0000  224.8  43.2   -96.1
  -11.2302  -45.9306  -12.9000  354.0  60.0  -112.0
    7.6721  -29.2528  -12.0000  264.0  73.0   -33.0
  -47.9229   65.2546  -12.0000  249.0  51.0   -87.0
  -30.1325    4.1027  -18.5000  205.0  87.0  -161.0
  -45.6991   53.0243  -12.0000  341.0  61.0   131.0
  -43.4753   57.4717  -13.3000  268.0  43.0   -88.0
   -4.5588  -15.9106  -18.8000  226.0  81.0  -145.0
  -44.5872   55.2480  -12.0000  257.0  46.0   -85.0
  -37.9158  -27.0291  -16.9000  222.0  58.0   -83.0
   -6.7826  -64.8321  -12.0000  231.0  40.0   -94.0
  -70.1609  -93.7403  -18.6000  352.0  73.0  -163.0
  -53.4824   84.1561  -12.0000   96.0  78.0     9.0
  -60.5096  -85.0011   -9.0000  234.3  52.4   -80.3
  -59.0419  -84.8455  -12.0000  233.0  52.0   -84.0
  -69.0490  -77.0625  -17.1000  193.0  35.0  -111.0
  -72.3847  -85.9573  -12.0000  170.0  69.0  -153.0
  -83.5037  -87.0692  -40.5000  158.0  47.0  -114.0
  -64.6014  -78.1744  -22.6000  352.0  88.0  -168.0
  -50.1467  -75.9507  -22.4000  352.0  66.0  -160.0
  -63.4895  -88.1810  -18.5000  187.0  55.0  -107.0
  -64.6014  -80.3981  -13.6000  191.0  43.0  -112.0